8800 8181 9946 5315,8800 9781 7039 1657,8800 5997 8380 7123,8800 8148 8677 3241,8800 8771 8244 9181,8800 8283 7620 9284,8800 2608 4957 8203,8800 3702 5922 9794,8800 1534 5974 9100,
8800 5217 4892 3584,
8800 4463 6834 6423,
8800 8413 6500 1910,
8800 4632 5932 7168,
8800 5996 9408 2255,
8800 1354 3862 4403,
8800 7092 7471 7890,
8800 3289 6314 6097,
8800 9713 1243 7187,
8800 5490 9071 9819,
8800 6908 8330 9140,
8800 7918 8353 9145,
8800 6908 8330 9141,
8800 7918 8353 9143,8800 1436 4220 9424,
8800 3032 3620 2715,
8800 8733 8895 7649,
8800 2874 6024 7373,
8800 4291 1346 3716,
8800 4392 8232 3378,
8800 9926 7135 1804,
8800 4338 7249 6861,
8800 4196 9563 8662,
8800 3851 3268 9155,
8800 3828 2165 9769,8800 1183 2246 2704,
8800 1773 6147 7415,
8800 6678 8499 2831,
8800 5468 2913 5587,
